Photon    Coherent Incoher. Photoel. Nuclear  Electron Tot. w/  Tot. wo/ 
Energy    Scatter. Scatter. Absorb.  Pr. Prd. Pr. Prd. Coherent Coherent 

1.000E-03 7.946E+00 5.041E-03 7.919E+03 0.000E+00 0.000E+00 7.927E+03 7.919E+03 
1.614E-02 1.586E+00 7.928E-02 3.652E+01 0.000E+00 0.000E+00 3.818E+01 3.660E+01 
3.128E-02 6.449E-01 1.009E-01 1.883E+01 0.000E+00 0.000E+00 1.958E+01 1.893E+01 
4.642E-02 3.561E-01 1.090E-01 1.254E+01 0.000E+00 0.000E+00 1.301E+01 1.265E+01 
6.157E-02 2.259E-01 1.119E-01 5.767E+00 0.000E+00 0.000E+00 6.105E+00 5.879E+00 
7.671E-02 1.554E-01 1.121E-01 3.112E+00 0.000E+00 0.000E+00 3.379E+00 3.224E+00 
9.185E-02 1.135E-01 1.111E-01 1.865E+00 0.000E+00 0.000E+00 2.090E+00 1.977E+00 
1.070E-01 8.683E-02 1.095E-01 1.206E+00 0.000E+00 0.000E+00 1.402E+00 1.315E+00 
1.221E-01 6.868E-02 1.076E-01 8.242E-01 0.000E+00 0.000E+00 1.000E+00 9.318E-01 
1.373E-01 5.574E-02 1.055E-01 5.887E-01 0.000E+00 0.000E+00 7.500E-01 6.942E-01 
1.524E-01 4.616E-02 1.034E-01 4.355E-01 0.000E+00 0.000E+00 5.851E-01 5.389E-01 
1.676E-01 3.885E-02 1.014E-01 3.315E-01 0.000E+00 0.000E+00 4.717E-01 4.328E-01 
1.827E-01 3.315E-02 9.936E-02 2.585E-01 0.000E+00 0.000E+00 3.910E-01 3.578E-01 
1.978E-01 2.862E-02 9.742E-02 2.057E-01 0.000E+00 0.000E+00 3.317E-01 3.031E-01 
2.130E-01 2.495E-02 9.555E-02 1.666E-01 0.000E+00 0.000E+00 2.871E-01 2.622E-01 
2.281E-01 2.194E-02 9.376E-02 1.370E-01 0.000E+00 0.000E+00 2.527E-01 2.308E-01 
2.433E-01 1.944E-02 9.204E-02 1.142E-01 0.000E+00 0.000E+00 2.257E-01 2.062E-01 
2.584E-01 1.734E-02 9.040E-02 9.633E-02 0.000E+00 0.000E+00 2.041E-01 1.867E-01 
2.736E-01 1.556E-02 8.882E-02 8.211E-02 0.000E+00 0.000E+00 1.865E-01 1.709E-01 
2.887E-01 1.405E-02 8.732E-02 7.067E-02 0.000E+00 0.000E+00 1.720E-01 1.580E-01 
3.038E-01 1.274E-02 8.588E-02 6.134E-02 0.000E+00 0.000E+00 1.600E-01 1.472E-01 
3.190E-01 1.161E-02 8.451E-02 5.367E-02 0.000E+00 0.000E+00 1.498E-01 1.382E-01 
3.341E-01 1.062E-02 8.319E-02 4.728E-02 0.000E+00 0.000E+00 1.411E-01 1.305E-01 
3.493E-01 9.755E-03 8.192E-02 4.193E-02 0.000E+00 0.000E+00 1.336E-01 1.239E-01 
3.644E-01 8.991E-03 8.071E-02 3.740E-02 0.000E+00 0.000E+00 1.271E-01 1.181E-01 
3.795E-01 8.312E-03 7.954E-02 3.354E-02 0.000E+00 0.000E+00 1.214E-01 1.131E-01 
3.947E-01 7.707E-03 7.842E-02 3.022E-02 0.000E+00 0.000E+00 1.163E-01 1.086E-01 
4.098E-01 7.165E-03 7.734E-02 2.737E-02 0.000E+00 0.000E+00 1.119E-01 1.047E-01 
4.250E-01 6.679E-03 7.629E-02 2.489E-02 0.000E+00 0.000E+00 1.079E-01 1.012E-01 
4.401E-01 6.240E-03 7.528E-02 2.272E-02 0.000E+00 0.000E+00 1.042E-01 9.801E-02 
4.552E-01 5.843E-03 7.431E-02 2.082E-02 0.000E+00 0.000E+00 1.010E-01 9.514E-02 
4.704E-01 5.482E-03 7.338E-02 1.915E-02 0.000E+00 0.000E+00 9.801E-02 9.253E-02 
4.855E-01 5.154E-03 7.247E-02 1.767E-02 0.000E+00 0.000E+00 9.529E-02 9.014E-02 
5.007E-01 4.855E-03 7.160E-02 1.635E-02 0.000E+00 0.000E+00 9.281E-02 8.795E-02 
5.158E-01 4.581E-03 7.075E-02 1.518E-02 0.000E+00 0.000E+00 9.052E-02 8.594E-02 
5.309E-01 4.330E-03 6.994E-02 1.413E-02 0.000E+00 0.000E+00 8.840E-02 8.407E-02 
5.461E-01 4.099E-03 6.914E-02 1.319E-02 0.000E+00 0.000E+00 8.643E-02 8.233E-02 
5.612E-01 3.886E-03 6.838E-02 1.234E-02 0.000E+00 0.000E+00 8.460E-02 8.071E-02 
5.764E-01 3.689E-03 6.763E-02 1.156E-02 0.000E+00 0.000E+00 8.289E-02 7.920E-02 
5.915E-01 3.506E-03 6.691E-02 1.086E-02 0.000E+00 0.000E+00 8.128E-02 7.777E-02 
6.067E-01 3.337E-03 6.621E-02 1.022E-02 0.000E+00 0.000E+00 7.977E-02 7.643E-02 
6.218E-01 3.180E-03 6.553E-02 9.632E-03 0.000E+00 0.000E+00 7.834E-02 7.516E-02 
6.369E-01 3.033E-03 6.486E-02 9.095E-03 0.000E+00 0.000E+00 7.699E-02 7.396E-02 
6.521E-01 2.897E-03 6.422E-02 8.602E-03 0.000E+00 0.000E+00 7.572E-02 7.282E-02 
6.672E-01 2.769E-03 6.359E-02 8.150E-03 0.000E+00 0.000E+00 7.451E-02 7.174E-02 
6.824E-01 2.650E-03 6.297E-02 7.735E-03 0.000E+00 0.000E+00 7.335E-02 7.070E-02 
6.975E-01 2.538E-03 6.237E-02 7.352E-03 0.000E+00 0.000E+00 7.226E-02 6.972E-02 
7.127E-01 2.433E-03 6.178E-02 6.999E-03 0.000E+00 0.000E+00 7.121E-02 6.878E-02 
7.278E-01 2.334E-03 6.121E-02 6.673E-03 0.000E+00 0.000E+00 7.022E-02 6.788E-02 
7.429E-01 2.241E-03 6.065E-02 6.372E-03 0.000E+00 0.000E+00 6.926E-02 6.702E-02 
7.581E-01 2.154E-03 6.010E-02 6.094E-03 0.000E+00 0.000E+00 6.835E-02 6.619E-02 
7.732E-01 2.071E-03 5.956E-02 5.836E-03 0.000E+00 0.000E+00 6.747E-02 6.540E-02 
7.883E-01 1.994E-03 5.904E-02 5.597E-03 0.000E+00 0.000E+00 6.663E-02 6.463E-02 
8.035E-01 1.920E-03 5.852E-02 5.375E-03 0.000E+00 0.000E+00 6.582E-02 6.389E-02 
8.186E-01 1.851E-03 5.801E-02 5.168E-03 0.000E+00 0.000E+00 6.503E-02 6.318E-02 
8.338E-01 1.785E-03 5.752E-02 4.975E-03 0.000E+00 0.000E+00 6.428E-02 6.249E-02 
8.489E-01 1.722E-03 5.704E-02 4.794E-03 0.000E+00 0.000E+00 6.355E-02 6.183E-02 
8.641E-01 1.663E-03 5.656E-02 4.622E-03 0.000E+00 0.000E+00 6.285E-02 6.118E-02 
8.792E-01 1.607E-03 5.610E-02 4.460E-03 0.000E+00 0.000E+00 6.217E-02 6.056E-02 
8.943E-01 1.554E-03 5.565E-02 4.306E-03 0.000E+00 0.000E+00 6.151E-02 5.995E-02 
9.095E-01 1.503E-03 5.521E-02 4.158E-03 0.000E+00 0.000E+00 6.087E-02 5.937E-02 
9.246E-01 1.455E-03 5.478E-02 4.017E-03 0.000E+00 0.000E+00 6.025E-02 5.879E-02 
9.398E-01 1.409E-03 5.436E-02 3.882E-03 0.000E+00 0.000E+00 5.965E-02 5.824E-02 
9.549E-01 1.365E-03 5.395E-02 3.751E-03 0.000E+00 0.000E+00 5.906E-02 5.770E-02 
9.700E-01 1.323E-03 5.355E-02 3.625E-03 0.000E+00 0.000E+00 5.850E-02 5.717E-02 
9.852E-01 1.283E-03 5.316E-02 3.503E-03 0.000E+00 0.000E+00 5.795E-02 5.666E-02 
1.000E+00 1.245E-03 5.278E-02 3.385E-03 0.000E+00 0.000E+00 5.741E-02 5.617E-02 
1.015E+00 1.208E-03 5.241E-02 3.270E-03 0.000E+00 0.000E+00 5.689E-02 5.568E-02 
1.031E+00 1.174E-03 5.205E-02 3.164E-03 2.060E-08 0.000E+00 5.639E-02 5.522E-02 
1.046E+00 1.140E-03 5.169E-02 3.064E-03 4.106E-07 0.000E+00 5.589E-02 5.475E-02 
1.061E+00 1.108E-03 5.133E-02 2.972E-03 1.686E-06 0.000E+00 5.542E-02 5.431E-02 
1.076E+00 1.078E-03 5.098E-02 2.886E-03 4.245E-06 0.000E+00 5.495E-02 5.387E-02 
1.091E+00 1.048E-03 5.063E-02 2.805E-03 8.413E-06 0.000E+00 5.450E-02 5.345E-02 
1.106E+00 1.020E-03 5.029E-02 2.730E-03 1.434E-05 0.000E+00 5.406E-02 5.304E-02 
1.121E+00 9.927E-04 4.995E-02 2.658E-03 2.226E-05 0.000E+00 5.363E-02 5.263E-02 
1.137E+00 9.667E-04 4.962E-02 2.591E-03 3.213E-05 0.000E+00 5.321E-02 5.224E-02 
1.152E+00 9.417E-04 4.929E-02 2.527E-03 4.406E-05 0.000E+00 5.280E-02 5.186E-02 
1.167E+00 9.175E-04 4.896E-02 2.466E-03 5.815E-05 0.000E+00 5.241E-02 5.149E-02 
1.182E+00 8.943E-04 4.865E-02 2.408E-03 7.421E-05 0.000E+00 5.202E-02 5.113E-02 
1.197E+00 8.719E-04 4.833E-02 2.352E-03 9.241E-05 0.000E+00 5.165E-02 5.078E-02 
1.212E+00 8.504E-04 4.802E-02 2.299E-03 1.125E-04 0.000E+00 5.128E-02 5.043E-02 
1.228E+00 8.296E-04 4.772E-02 2.247E-03 1.346E-04 0.000E+00 5.093E-02 5.010E-02 
1.243E+00 8.097E-04 4.742E-02 2.198E-03 1.585E-04 0.000E+00 5.058E-02 4.977E-02 
1.258E+00 7.904E-04 4.713E-02 2.150E-03 1.841E-04 0.000E+00 5.025E-02 4.946E-02 
1.273E+00 7.718E-04 4.684E-02 2.103E-03 2.117E-04 0.000E+00 4.992E-02 4.915E-02 
1.288E+00 7.539E-04 4.655E-02 2.058E-03 2.408E-04 0.000E+00 4.960E-02 4.885E-02 
1.303E+00 7.364E-04 4.627E-02 2.014E-03 2.718E-04 0.000E+00 4.929E-02 4.856E-02 
1.318E+00 7.197E-04 4.600E-02 1.972E-03 3.040E-04 0.000E+00 4.899E-02 4.827E-02 
1.333E+00 7.036E-04 4.573E-02 1.931E-03 3.378E-04 0.000E+00 4.870E-02 4.800E-02 
1.349E+00 6.879E-04 4.546E-02 1.891E-03 3.732E-04 0.000E+00 4.841E-02 4.773E-02 
1.364E+00 6.728E-04 4.520E-02 1.853E-03 4.098E-04 0.000E+00 4.813E-02 4.746E-02 
1.379E+00 6.581E-04 4.494E-02 1.816E-03 4.479E-04 0.000E+00 4.786E-02 4.720E-02 
1.394E+00 6.440E-04 4.469E-02 1.780E-03 4.871E-04 0.000E+00 4.760E-02 4.695E-02 
1.409E+00 6.303E-04 4.443E-02 1.745E-03 5.278E-04 0.000E+00 4.734E-02 4.671E-02 
1.424E+00 6.170E-04 4.419E-02 1.711E-03 5.693E-04 0.000E+00 4.708E-02 4.647E-02 
1.439E+00 6.042E-04 4.394E-02 1.678E-03 6.120E-04 0.000E+00 4.684E-02 4.623E-02 
1.455E+00 5.917E-04 4.370E-02 1.646E-03 6.561E-04 0.000E+00 4.660E-02 4.600E-02 
1.470E+00 5.796E-04 4.346E-02 1.616E-03 7.009E-04 0.000E+00 4.636E-02 4.578E-02 
1.485E+00 5.679E-04 4.323E-02 1.586E-03 7.471E-04 0.000E+00 4.613E-02 4.556E-02 
1.500E+00 5.566E-04 4.300E-02 1.557E-03 7.939E-04 0.000E+00 4.591E-02 4.535E-02 
