Photon    Coherent Incoher. Photoel. Nuclear  Electron Tot. w/  Tot. wo/ 
Energy    Scatter. Scatter. Absorb.  Pr. Prd. Pr. Prd. Coherent Coherent 

1.000E-03 2.528E+00 1.317E-02 1.567E+03 0.000E+00 0.000E+00 1.570E+03 1.567E+03 
1.614E-02 3.222E-01 1.321E-01 7.882E+00 0.000E+00 0.000E+00 8.336E+00 8.014E+00 
3.128E-02 1.174E-01 1.508E-01 1.018E+00 0.000E+00 0.000E+00 1.286E+00 1.169E+00 
4.642E-02 6.135E-02 1.539E-01 2.922E-01 0.000E+00 0.000E+00 5.074E-01 4.461E-01 
6.157E-02 3.741E-02 1.524E-01 1.186E-01 0.000E+00 0.000E+00 3.084E-01 2.710E-01 
7.671E-02 2.511E-02 1.491E-01 5.861E-02 0.000E+00 0.000E+00 2.329E-01 2.077E-01 
9.185E-02 1.801E-02 1.453E-01 3.284E-02 0.000E+00 0.000E+00 1.962E-01 1.782E-01 
1.070E-01 1.354E-02 1.414E-01 2.010E-02 0.000E+00 0.000E+00 1.750E-01 1.615E-01 
1.221E-01 1.055E-02 1.375E-01 1.314E-02 0.000E+00 0.000E+00 1.612E-01 1.507E-01 
1.373E-01 8.444E-03 1.338E-01 9.036E-03 0.000E+00 0.000E+00 1.513E-01 1.429E-01 
1.524E-01 6.910E-03 1.304E-01 6.468E-03 0.000E+00 0.000E+00 1.437E-01 1.368E-01 
1.676E-01 5.757E-03 1.271E-01 4.784E-03 0.000E+00 0.000E+00 1.376E-01 1.319E-01 
1.827E-01 4.870E-03 1.240E-01 3.638E-03 0.000E+00 0.000E+00 1.325E-01 1.276E-01 
1.978E-01 4.172E-03 1.211E-01 2.831E-03 0.000E+00 0.000E+00 1.281E-01 1.239E-01 
2.130E-01 3.613E-03 1.184E-01 2.247E-03 0.000E+00 0.000E+00 1.243E-01 1.207E-01 
2.281E-01 3.159E-03 1.159E-01 1.816E-03 0.000E+00 0.000E+00 1.208E-01 1.177E-01 
2.433E-01 2.786E-03 1.134E-01 1.489E-03 0.000E+00 0.000E+00 1.177E-01 1.149E-01 
2.584E-01 2.474E-03 1.112E-01 1.237E-03 0.000E+00 0.000E+00 1.149E-01 1.124E-01 
2.736E-01 2.212E-03 1.090E-01 1.041E-03 0.000E+00 0.000E+00 1.123E-01 1.101E-01 
2.887E-01 1.989E-03 1.070E-01 8.844E-04 0.000E+00 0.000E+00 1.099E-01 1.079E-01 
3.038E-01 1.798E-03 1.051E-01 7.589E-04 0.000E+00 0.000E+00 1.076E-01 1.058E-01 
3.190E-01 1.634E-03 1.032E-01 6.568E-04 0.000E+00 0.000E+00 1.055E-01 1.039E-01 
3.341E-01 1.490E-03 1.015E-01 5.729E-04 0.000E+00 0.000E+00 1.035E-01 1.020E-01 
3.493E-01 1.365E-03 9.981E-02 5.033E-04 0.000E+00 0.000E+00 1.017E-01 1.003E-01 
3.644E-01 1.255E-03 9.822E-02 4.450E-04 0.000E+00 0.000E+00 9.992E-02 9.867E-02 
3.795E-01 1.158E-03 9.670E-02 3.959E-04 0.000E+00 0.000E+00 9.825E-02 9.710E-02 
3.947E-01 1.071E-03 9.525E-02 3.541E-04 0.000E+00 0.000E+00 9.667E-02 9.560E-02 
4.098E-01 9.943E-04 9.386E-02 3.184E-04 0.000E+00 0.000E+00 9.517E-02 9.418E-02 
4.250E-01 9.252E-04 9.252E-02 2.876E-04 0.000E+00 0.000E+00 9.374E-02 9.281E-02 
4.401E-01 8.631E-04 9.124E-02 2.610E-04 0.000E+00 0.000E+00 9.237E-02 9.150E-02 
4.552E-01 8.070E-04 9.001E-02 2.379E-04 0.000E+00 0.000E+00 9.106E-02 9.025E-02 
4.704E-01 7.562E-04 8.882E-02 2.177E-04 0.000E+00 0.000E+00 8.980E-02 8.904E-02 
4.855E-01 7.099E-04 8.768E-02 1.999E-04 0.000E+00 0.000E+00 8.859E-02 8.788E-02 
5.007E-01 6.679E-04 8.658E-02 1.843E-04 0.000E+00 0.000E+00 8.743E-02 8.676E-02 
5.158E-01 6.294E-04 8.551E-02 1.704E-04 0.000E+00 0.000E+00 8.631E-02 8.568E-02 
5.309E-01 5.942E-04 8.448E-02 1.581E-04 0.000E+00 0.000E+00 8.524E-02 8.464E-02 
5.461E-01 5.618E-04 8.349E-02 1.470E-04 0.000E+00 0.000E+00 8.420E-02 8.364E-02 
5.612E-01 5.320E-04 8.253E-02 1.371E-04 0.000E+00 0.000E+00 8.319E-02 8.266E-02 
5.764E-01 5.045E-04 8.159E-02 1.281E-04 0.000E+00 0.000E+00 8.223E-02 8.172E-02 
5.915E-01 4.791E-04 8.069E-02 1.199E-04 0.000E+00 0.000E+00 8.129E-02 8.081E-02 
6.067E-01 4.556E-04 7.981E-02 1.124E-04 0.000E+00 0.000E+00 8.038E-02 7.992E-02 
6.218E-01 4.338E-04 7.896E-02 1.057E-04 0.000E+00 0.000E+00 7.950E-02 7.907E-02 
6.369E-01 4.135E-04 7.813E-02 9.945E-05 0.000E+00 0.000E+00 7.865E-02 7.823E-02 
6.521E-01 3.946E-04 7.733E-02 9.378E-05 0.000E+00 0.000E+00 7.782E-02 7.743E-02 
6.672E-01 3.769E-04 7.655E-02 8.861E-05 0.000E+00 0.000E+00 7.702E-02 7.664E-02 
6.824E-01 3.604E-04 7.579E-02 8.388E-05 0.000E+00 0.000E+00 7.624E-02 7.588E-02 
6.975E-01 3.450E-04 7.505E-02 7.955E-05 0.000E+00 0.000E+00 7.548E-02 7.513E-02 
7.127E-01 3.306E-04 7.433E-02 7.560E-05 0.000E+00 0.000E+00 7.474E-02 7.441E-02 
7.278E-01 3.170E-04 7.363E-02 7.199E-05 0.000E+00 0.000E+00 7.402E-02 7.370E-02 
7.429E-01 3.042E-04 7.294E-02 6.868E-05 0.000E+00 0.000E+00 7.332E-02 7.301E-02 
7.581E-01 2.922E-04 7.227E-02 6.565E-05 0.000E+00 0.000E+00 7.263E-02 7.234E-02 
7.732E-01 2.809E-04 7.162E-02 6.288E-05 0.000E+00 0.000E+00 7.196E-02 7.168E-02 
7.883E-01 2.703E-04 7.098E-02 6.034E-05 0.000E+00 0.000E+00 7.131E-02 7.104E-02 
8.035E-01 2.602E-04 7.036E-02 5.802E-05 0.000E+00 0.000E+00 7.068E-02 7.042E-02 
8.186E-01 2.506E-04 6.975E-02 5.588E-05 0.000E+00 0.000E+00 7.006E-02 6.981E-02 
8.338E-01 2.416E-04 6.915E-02 5.389E-05 0.000E+00 0.000E+00 6.945E-02 6.921E-02 
8.489E-01 2.331E-04 6.857E-02 5.203E-05 0.000E+00 0.000E+00 6.886E-02 6.862E-02 
8.641E-01 2.250E-04 6.800E-02 5.027E-05 0.000E+00 0.000E+00 6.828E-02 6.805E-02 
8.792E-01 2.173E-04 6.744E-02 4.858E-05 0.000E+00 0.000E+00 6.771E-02 6.749E-02 
8.943E-01 2.100E-04 6.690E-02 4.695E-05 0.000E+00 0.000E+00 6.715E-02 6.694E-02 
9.095E-01 2.031E-04 6.636E-02 4.536E-05 0.000E+00 0.000E+00 6.661E-02 6.641E-02 
9.246E-01 1.965E-04 6.584E-02 4.381E-05 0.000E+00 0.000E+00 6.608E-02 6.588E-02 
9.398E-01 1.902E-04 6.533E-02 4.229E-05 0.000E+00 0.000E+00 6.556E-02 6.537E-02 
9.549E-01 1.843E-04 6.483E-02 4.079E-05 0.000E+00 0.000E+00 6.506E-02 6.487E-02 
9.700E-01 1.786E-04 6.434E-02 3.930E-05 0.000E+00 0.000E+00 6.456E-02 6.438E-02 
9.852E-01 1.731E-04 6.386E-02 3.782E-05 0.000E+00 0.000E+00 6.407E-02 6.390E-02 
1.000E+00 1.679E-04 6.340E-02 3.636E-05 0.000E+00 0.000E+00 6.360E-02 6.343E-02 
1.015E+00 1.630E-04 6.293E-02 3.492E-05 0.000E+00 0.000E+00 6.313E-02 6.297E-02 
1.031E+00 1.582E-04 6.248E-02 3.360E-05 3.404E-09 0.000E+00 6.268E-02 6.252E-02 
1.046E+00 1.537E-04 6.204E-02 3.241E-05 6.906E-08 0.000E+00 6.223E-02 6.207E-02 
1.061E+00 1.493E-04 6.160E-02 3.135E-05 2.886E-07 0.000E+00 6.179E-02 6.164E-02 
1.076E+00 1.452E-04 6.118E-02 3.040E-05 7.390E-07 0.000E+00 6.135E-02 6.121E-02 
1.091E+00 1.412E-04 6.075E-02 2.953E-05 1.489E-06 0.000E+00 6.092E-02 6.078E-02 
1.106E+00 1.373E-04 6.034E-02 2.873E-05 2.581E-06 0.000E+00 6.051E-02 6.037E-02 
1.121E+00 1.337E-04 5.993E-02 2.800E-05 4.069E-06 0.000E+00 6.009E-02 5.996E-02 
1.137E+00 1.301E-04 5.953E-02 2.732E-05 5.967E-06 0.000E+00 5.969E-02 5.956E-02 
1.152E+00 1.267E-04 5.913E-02 2.669E-05 8.307E-06 0.000E+00 5.929E-02 5.917E-02 
1.167E+00 1.235E-04 5.874E-02 2.610E-05 1.113E-05 0.000E+00 5.890E-02 5.878E-02 
1.182E+00 1.203E-04 5.836E-02 2.554E-05 1.441E-05 0.000E+00 5.852E-02 5.840E-02 
1.197E+00 1.173E-04 5.798E-02 2.500E-05 1.819E-05 0.000E+00 5.814E-02 5.802E-02 
1.212E+00 1.144E-04 5.761E-02 2.448E-05 2.245E-05 0.000E+00 5.777E-02 5.766E-02 
1.228E+00 1.116E-04 5.725E-02 2.398E-05 2.722E-05 0.000E+00 5.741E-02 5.730E-02 
1.243E+00 1.089E-04 5.689E-02 2.350E-05 3.246E-05 0.000E+00 5.705E-02 5.694E-02 
1.258E+00 1.063E-04 5.654E-02 2.302E-05 3.819E-05 0.000E+00 5.670E-02 5.660E-02 
1.273E+00 1.038E-04 5.619E-02 2.256E-05 4.444E-05 0.000E+00 5.636E-02 5.625E-02 
1.288E+00 1.013E-04 5.585E-02 2.210E-05 5.114E-05 0.000E+00 5.602E-02 5.592E-02 
1.303E+00 9.900E-05 5.551E-02 2.165E-05 5.836E-05 0.000E+00 5.569E-02 5.559E-02 
1.318E+00 9.675E-05 5.518E-02 2.122E-05 6.599E-05 0.000E+00 5.536E-02 5.526E-02 
1.333E+00 9.457E-05 5.485E-02 2.079E-05 7.409E-05 0.000E+00 5.504E-02 5.495E-02 
1.349E+00 9.246E-05 5.453E-02 2.038E-05 8.269E-05 0.000E+00 5.472E-02 5.463E-02 
1.364E+00 9.042E-05 5.421E-02 1.997E-05 9.168E-05 0.000E+00 5.441E-02 5.432E-02 
1.379E+00 8.844E-05 5.390E-02 1.958E-05 1.012E-04 0.000E+00 5.411E-02 5.402E-02 
1.394E+00 8.654E-05 5.359E-02 1.920E-05 1.110E-04 0.000E+00 5.381E-02 5.372E-02 
1.409E+00 8.469E-05 5.328E-02 1.883E-05 1.213E-04 0.000E+00 5.351E-02 5.342E-02 
1.424E+00 8.290E-05 5.299E-02 1.847E-05 1.320E-04 0.000E+00 5.322E-02 5.314E-02 
1.439E+00 8.117E-05 5.269E-02 1.812E-05 1.431E-04 0.000E+00 5.293E-02 5.285E-02 
1.455E+00 7.949E-05 5.240E-02 1.778E-05 1.546E-04 0.000E+00 5.265E-02 5.257E-02 
1.470E+00 7.786E-05 5.211E-02 1.746E-05 1.664E-04 0.000E+00 5.237E-02 5.230E-02 
1.485E+00 7.628E-05 5.183E-02 1.714E-05 1.787E-04 0.000E+00 5.210E-02 5.202E-02 
1.500E+00 7.475E-05 5.155E-02 1.684E-05 1.912E-04 0.000E+00 5.183E-02 5.175E-02 
