0.001
0.01614141414141414
0.03128282828282829
0.04642424242424242
0.06156565656565657
0.07670707070707071
0.09184848484848485
0.106989898989899
0.12213131313131313
0.13727272727272727
0.15241414141414142
0.16755555555555557
0.1826969696969697
0.19783838383838384
0.212979797979798
0.2281212121212121
0.24326262626262626
0.2584040404040404
0.27354545454545454
0.2886868686868687
0.30382828282828284
0.318969696969697
0.33411111111111114
0.3492525252525253
0.3643939393939394
0.3795353535353535
0.3946767676767677
0.4098181818181818
0.424959595959596
0.4401010101010101
0.4552424242424242
0.4703838383838384
0.4855252525252525
0.5006666666666667
0.5158080808080808
0.530949494949495
0.5460909090909091
0.5612323232323232
0.5763737373737374
0.5915151515151515
0.6066565656565657
0.6217979797979798
0.636939393939394
0.652080808080808
0.6672222222222223
0.6823636363636364
0.6975050505050506
0.7126464646464646
0.7277878787878788
0.742929292929293
0.758070707070707
0.7732121212121212
0.7883535353535354
0.8034949494949495
0.8186363636363636
0.8337777777777778
0.848919191919192
0.8640606060606061
0.8792020202020202
0.8943434343434344
0.9094848484848485
0.9246262626262627
0.9397676767676768
0.954909090909091
0.970050505050505
0.9851919191919192
1.0003333333333333
1.0154747474747474
1.0306161616161618
1.0457575757575757
1.0608989898989898
1.0760404040404041
1.0911818181818183
1.1063232323232324
1.1214646464646465
1.1366060606060608
1.1517474747474747
1.1668888888888889
1.182030303030303
1.1971717171717173
1.2123131313131315
1.2274545454545456
1.2425959595959595
1.2577373737373736
1.272878787878788
1.288020202020202
1.3031616161616162
1.3183030303030303
1.3334444444444447
1.3485858585858586
1.3637272727272727
1.3788686868686868
1.3940101010101011
1.4091515151515153
1.4242929292929294
1.4394343434343435
1.4545757575757574
1.4697171717171718
1.4848585858585859
1.5
